#          omega_b,        omega_cdm,      100*theta_s,     ln10^{10}A_s,              n_s,         tau_reio,                M,         A_planck,           z_reio,     Omega_Lambda,              YHe,               H0,              A_s,               S8,          Omega_m
 2.004261e-08	 3.516428e-08	 7.097253e-09	-2.385278e-07	-3.309101e-09	-2.993179e-07	 2.810952e-07	 3.541883e-08	-3.493662e-05	0.000000e+00	 8.522379e-09	 7.687465e-06	-4.783735e-16	 2.240215e-08	 5.062021e-08	
 3.516428e-08	 3.354499e-07	 1.533640e-08	 6.588951e-06	 5.419719e-07	 2.590356e-06	-6.758890e-07	 1.592276e-07	 2.416354e-04	0.000000e+00	 1.500869e-08	-8.834387e-05	 1.418028e-14	 6.016761e-06	 1.537955e-06	
 7.097253e-09	 1.533640e-08	 8.439522e-09	-3.493793e-07	 1.924464e-08	-2.182162e-07	 4.399489e-08	-1.164556e-09	-2.309450e-05	0.000000e+00	 3.022421e-09	 3.665383e-06	-7.352453e-16	-8.219195e-08	 1.563266e-08	
-2.385278e-07	 6.588951e-06	-3.493793e-07	 3.019802e-04	 1.209513e-05	 1.438728e-04	-4.479758e-05	 7.163773e-07	 1.407607e-02	0.000000e+00	-1.000446e-07	-2.810474e-03	 6.450312e-13	 2.022233e-04	 3.750467e-05	
-3.309101e-09	 5.419719e-07	 1.924464e-08	 1.209513e-05	 5.522525e-06	 5.410607e-06	-1.671721e-06	 3.710089e-07	 5.115781e-04	0.000000e+00	-1.336719e-09	-1.995341e-04	 2.629546e-14	 1.256715e-05	 2.851033e-06	
-2.993179e-07	 2.590356e-06	-2.182162e-07	 1.438728e-04	 5.410607e-06	 7.086048e-05	-2.389710e-05	-2.299574e-07	 6.986756e-03	0.000000e+00	-1.266342e-07	-1.321528e-03	 3.069533e-13	 9.266762e-05	 1.616852e-05	
 2.810952e-07	-6.758890e-07	 4.399489e-08	-4.479758e-05	-1.671721e-06	-2.389710e-05	 1.210651e-05	 6.155154e-07	-2.413624e-03	0.000000e+00	 1.191762e-07	 5.276447e-04	-9.526100e-14	-2.954645e-05	-5.348737e-06	
 3.541883e-08	 1.592276e-07	-1.164556e-09	 7.163773e-07	 3.710089e-07	-2.299574e-07	 6.155154e-07	 3.587728e-07	-3.560085e-05	0.000000e+00	 1.505733e-08	-2.756834e-05	 1.658143e-15	 1.717382e-06	 6.465519e-07	
-3.493662e-05	 2.416354e-04	-2.309450e-05	 1.407607e-02	 5.115781e-04	 6.986756e-03	-2.413624e-03	-3.560085e-05	 6.905808e-01	0.000000e+00	-1.479288e-05	-1.306718e-01	 3.002015e-11	 9.005245e-03	 1.556860e-03	
0.000000e+00	0.000000e+00	0.000000e+00	0.000000e+00	0.000000e+00	0.000000e+00	0.000000e+00	0.000000e+00	0.000000e+00	0.000000e+00	0.000000e+00	0.000000e+00	0.000000e+00	0.000000e+00	0.000000e+00	
 8.522379e-09	 1.500869e-08	 3.022421e-09	-1.000446e-07	-1.336719e-09	-1.266342e-07	 1.191762e-07	 1.505733e-08	-1.479288e-05	0.000000e+00	 3.623848e-09	 3.249185e-06	-2.004605e-16	 1.070278e-08	 2.181072e-08	
 7.687465e-06	-8.834387e-05	 3.665383e-06	-2.810474e-03	-1.995341e-04	-1.321528e-03	 5.276447e-04	-2.756834e-05	-1.306718e-01	0.000000e+00	 3.249185e-06	 4.151747e-02	-6.010608e-12	-2.265668e-03	-5.256415e-04	
-4.783735e-16	 1.418028e-14	-7.352453e-16	 6.450312e-13	 2.629546e-14	 3.069533e-13	-9.526100e-14	 1.658143e-15	 3.002015e-11	0.000000e+00	-2.004605e-16	-6.010608e-12	 1.377899e-21	 4.328453e-13	 8.046337e-14	
 2.240215e-08	 6.016761e-06	-8.219195e-08	 2.022233e-04	 1.256715e-05	 9.266762e-05	-2.954645e-05	 1.717382e-06	 9.005245e-03	0.000000e+00	 1.070278e-08	-2.265668e-03	 4.328453e-13	 1.514999e-04	 3.215739e-05	
 5.062021e-08	 1.537955e-06	 1.563266e-08	 3.750467e-05	 2.851033e-06	 1.616852e-05	-5.348737e-06	 6.465519e-07	 1.556860e-03	0.000000e+00	 2.181072e-08	-5.256415e-04	 8.046337e-14	 3.215739e-05	 7.851386e-06	
