#          omega_b,        omega_cdm,      100*theta_s,     ln10^{10}A_s,              n_s,         tau_reio,         A_planck,           z_reio,     Omega_Lambda,              YHe,               H0,              A_s,               S8,          Omega_m
 1.972152e-35	0.000000e+00	0.000000e+00	-1.972152e-33	 4.930381e-34	 3.081488e-35	 1.020079e-34	0.000000e+00	0.000000e+00	0.000000e+00	0.000000e+00	0.000000e+00	-4.930381e-34	0.000000e+00	
0.000000e+00	0.000000e+00	0.000000e+00	0.000000e+00	0.000000e+00	0.000000e+00	0.000000e+00	0.000000e+00	0.000000e+00	0.000000e+00	0.000000e+00	0.000000e+00	0.000000e+00	0.000000e+00	
0.000000e+00	0.000000e+00	0.000000e+00	0.000000e+00	0.000000e+00	0.000000e+00	0.000000e+00	0.000000e+00	0.000000e+00	0.000000e+00	0.000000e+00	0.000000e+00	0.000000e+00	0.000000e+00	
-1.972152e-33	0.000000e+00	0.000000e+00	 1.972152e-31	-4.930381e-32	-3.081488e-33	-1.020079e-32	0.000000e+00	0.000000e+00	0.000000e+00	0.000000e+00	0.000000e+00	 4.930381e-32	0.000000e+00	
 4.930381e-34	0.000000e+00	0.000000e+00	-4.930381e-32	 1.232595e-32	 7.703720e-34	 2.550197e-33	0.000000e+00	0.000000e+00	0.000000e+00	0.000000e+00	0.000000e+00	-1.232595e-32	0.000000e+00	
 3.081488e-35	0.000000e+00	0.000000e+00	-3.081488e-33	 7.703720e-34	 4.814825e-35	 1.593873e-34	0.000000e+00	0.000000e+00	0.000000e+00	0.000000e+00	0.000000e+00	-7.703720e-34	0.000000e+00	
 1.020079e-34	0.000000e+00	0.000000e+00	-1.020079e-32	 2.550197e-33	 1.593873e-34	 7.229313e-07	0.000000e+00	0.000000e+00	0.000000e+00	0.000000e+00	0.000000e+00	-2.550197e-33	0.000000e+00	
0.000000e+00	0.000000e+00	0.000000e+00	0.000000e+00	0.000000e+00	0.000000e+00	0.000000e+00	0.000000e+00	0.000000e+00	0.000000e+00	0.000000e+00	0.000000e+00	0.000000e+00	0.000000e+00	
0.000000e+00	0.000000e+00	0.000000e+00	0.000000e+00	0.000000e+00	0.000000e+00	0.000000e+00	0.000000e+00	0.000000e+00	0.000000e+00	0.000000e+00	0.000000e+00	0.000000e+00	0.000000e+00	
0.000000e+00	0.000000e+00	0.000000e+00	0.000000e+00	0.000000e+00	0.000000e+00	0.000000e+00	0.000000e+00	0.000000e+00	0.000000e+00	0.000000e+00	0.000000e+00	0.000000e+00	0.000000e+00	
0.000000e+00	0.000000e+00	0.000000e+00	0.000000e+00	0.000000e+00	0.000000e+00	0.000000e+00	0.000000e+00	0.000000e+00	0.000000e+00	0.000000e+00	0.000000e+00	0.000000e+00	0.000000e+00	
0.000000e+00	0.000000e+00	0.000000e+00	0.000000e+00	0.000000e+00	0.000000e+00	0.000000e+00	0.000000e+00	0.000000e+00	0.000000e+00	0.000000e+00	0.000000e+00	0.000000e+00	0.000000e+00	
-4.930381e-34	0.000000e+00	0.000000e+00	 4.930381e-32	-1.232595e-32	-7.703720e-34	-2.550197e-33	0.000000e+00	0.000000e+00	0.000000e+00	0.000000e+00	0.000000e+00	 1.232595e-32	0.000000e+00	
0.000000e+00	0.000000e+00	0.000000e+00	0.000000e+00	0.000000e+00	0.000000e+00	0.000000e+00	0.000000e+00	0.000000e+00	0.000000e+00	0.000000e+00	0.000000e+00	0.000000e+00	0.000000e+00	
