#          omega_b,        omega_cdm,      100*theta_s,     ln10^{10}A_s,              n_s,         tau_reio,                M,         A_planck,           z_reio,     Omega_Lambda,              YHe,               H0,              A_s,               S8,          Omega_m
 7.687023e-09	-1.069637e-08	-3.905659e-09	 3.750064e-08	 1.656805e-07	 4.226066e-08	 1.177354e-07	-2.910203e-08	 2.204774e-06	0.000000e+00	 3.274243e-09	 1.071098e-05	 7.884918e-17	-1.277434e-07	-8.489046e-08	
-1.069637e-08	 1.696180e-07	 7.757728e-08	 1.077209e-06	-1.737274e-08	 2.695797e-07	-2.758405e-07	 1.825994e-07	 3.261347e-05	0.000000e+00	-4.561086e-09	-5.277078e-05	 2.286190e-15	 2.133399e-06	 6.892351e-07	
-3.905659e-09	 7.757728e-08	 4.621263e-08	 5.402163e-07	 5.755370e-08	 1.657245e-07	-1.953507e-07	 6.748246e-08	 1.895198e-05	0.000000e+00	-1.664863e-09	-1.903580e-05	 1.145730e-15	 9.699192e-07	 2.802242e-07	
 3.750064e-08	 1.077209e-06	 5.402163e-07	 1.570449e-05	 5.862172e-07	 4.810219e-06	 7.389577e-07	 1.589988e-06	 4.900634e-04	0.000000e+00	 1.593243e-08	-2.115417e-04	 3.331028e-14	 1.588968e-05	 3.668808e-06	
 1.656805e-07	-1.737274e-08	 5.755370e-08	 5.862172e-07	 6.952370e-06	 2.062337e-06	 1.732625e-06	-8.630451e-07	 1.663932e-04	0.000000e+00	 7.058451e-08	 1.950403e-04	 1.228060e-15	 1.004555e-07	-1.156840e-06	
 4.226066e-08	 2.695797e-07	 1.657245e-07	 4.810219e-06	 2.062337e-06	 2.209676e-06	 4.412659e-07	 2.058646e-07	 2.149740e-04	0.000000e+00	 1.799816e-08	-8.324611e-06	 1.019982e-14	 4.453760e-06	 6.543493e-07	
 1.177354e-07	-2.758405e-07	-1.953507e-07	 7.389577e-07	 1.732625e-06	 4.412659e-07	 7.870854e-06	-6.234119e-07	 1.067905e-05	0.000000e+00	 5.014254e-08	 1.595192e-04	 1.561401e-15	-2.923238e-06	-1.482867e-06	
-2.910203e-08	 1.825994e-07	 6.748246e-08	 1.589988e-06	-8.630451e-07	 2.058646e-07	-6.234119e-07	 5.526644e-07	 3.071860e-05	0.000000e+00	-1.240374e-08	-8.053363e-05	 3.376165e-15	 2.461484e-06	 8.835614e-07	
 2.204774e-06	 3.261347e-05	 1.895198e-05	 4.900634e-04	 1.663932e-04	 2.149740e-04	 1.067905e-05	 3.071860e-05	 2.148273e-02	0.000000e+00	 9.387655e-07	-4.334303e-03	 1.039345e-12	 5.140069e-04	 9.817296e-05	
0.000000e+00	0.000000e+00	0.000000e+00	0.000000e+00	0.000000e+00	0.000000e+00	0.000000e+00	0.000000e+00	0.000000e+00	0.000000e+00	0.000000e+00	0.000000e+00	0.000000e+00	0.000000e+00	0.000000e+00	
 3.274243e-09	-4.561086e-09	-1.664863e-09	 1.593243e-08	 7.058451e-08	 1.799816e-08	 5.014254e-08	-1.240374e-08	 9.387655e-07	0.000000e+00	 1.394645e-09	 4.563923e-06	 3.349884e-17	-5.447339e-08	-3.618011e-08	
 1.071098e-05	-5.277078e-05	-1.903580e-05	-2.115417e-04	 1.950403e-04	-8.324611e-06	 1.595192e-04	-8.053363e-05	-4.334303e-03	0.000000e+00	 4.563923e-06	 2.574820e-02	-4.500004e-13	-6.591229e-04	-2.692346e-04	
 7.884918e-17	 2.286190e-15	 1.145730e-15	 3.331028e-14	 1.228060e-15	 1.019982e-14	 1.561401e-15	 3.376165e-15	 1.039345e-12	0.000000e+00	 3.349884e-17	-4.500004e-13	 7.065347e-23	 3.372147e-14	 7.792652e-15	
-1.277434e-07	 2.133399e-06	 9.699192e-07	 1.588968e-05	 1.004555e-07	 4.453760e-06	-2.923238e-06	 2.461484e-06	 5.140069e-04	0.000000e+00	-5.447339e-08	-6.591229e-04	 3.372147e-14	 2.781288e-05	 8.650233e-06	
-8.489046e-08	 6.892351e-07	 2.802242e-07	 3.668808e-06	-1.156840e-06	 6.543493e-07	-1.482867e-06	 8.835614e-07	 9.817296e-05	0.000000e+00	-3.618011e-08	-2.692346e-04	 7.792652e-15	 8.650233e-06	 3.125795e-06	
